objectName_markerName,X,Y,Z,localX,localY,localZ
GCP01_000,-50.0,-50.0,1.0,0.0,0.0,0.0
GCP01_001,-49.0,-49.0,1.0,1.0,1.0,0.0
GCP01_002,-49.0,-51.0,1.0,1.0,-1.0,0.0
GCP01_003,-51.0,-49.0,1.0,-1.0,1.0,0.0
GCP01_004,-51.0,-51.0,1.0,-1.0,-1.0,0.0
GCP02_000,-50.0,-25.0,1.0,0.0,0.0,0.0
GCP02_001,-49.0,-24.0,1.0,1.0,1.0,0.0
GCP02_002,-49.0,-26.0,1.0,1.0,-1.0,0.0
GCP02_003,-51.0,-24.0,1.0,-1.0,1.0,0.0
GCP02_004,-51.0,-26.0,1.0,-1.0,-1.0,0.0
GCP03_000,-50.0,0.0,1.0,0.0,0.0,0.0
GCP03_001,-49.0,1.0,1.0,1.0,1.0,0.0
GCP03_002,-49.0,-1.0,1.0,1.0,-1.0,0.0
GCP03_003,-51.0,1.0,1.0,-1.0,1.0,0.0
GCP03_004,-51.0,-1.0,1.0,-1.0,-1.0,0.0
GCP04_000,-50.0,25.0,1.0,0.0,0.0,0.0
GCP04_001,-49.0,26.0,1.0,1.0,1.0,0.0
GCP04_002,-49.0,24.0,1.0,1.0,-1.0,0.0
GCP04_003,-51.0,26.0,1.0,-1.0,1.0,0.0
GCP04_004,-51.0,24.0,1.0,-1.0,-1.0,0.0
GCP05_000,-50.0,50.0,1.0,0.0,0.0,0.0
GCP05_001,-49.0,51.0,1.0,1.0,1.0,0.0
GCP05_002,-49.0,49.0,1.0,1.0,-1.0,0.0
GCP05_003,-51.0,51.0,1.0,-1.0,1.0,0.0
GCP05_004,-51.0,49.0,1.0,-1.0,-1.0,0.0
GCP06_000,-25.0,-50.0,1.0,0.0,0.0,0.0
GCP06_001,-24.0,-49.0,1.0,1.0,1.0,0.0
GCP06_002,-24.0,-51.0,1.0,1.0,-1.0,0.0
GCP06_003,-26.0,-49.0,1.0,-1.0,1.0,0.0
GCP06_004,-26.0,-51.0,1.0,-1.0,-1.0,0.0
GCP07_000,-25.0,-25.0,1.0,0.0,0.0,0.0
GCP07_001,-24.0,-24.0,1.0,1.0,1.0,0.0
GCP07_002,-24.0,-26.0,1.0,1.0,-1.0,0.0
GCP07_003,-26.0,-24.0,1.0,-1.0,1.0,0.0
GCP07_004,-26.0,-26.0,1.0,-1.0,-1.0,0.0
GCP08_000,-25.0,0.0,1.0,0.0,0.0,0.0
GCP08_001,-24.0,1.0,1.0,1.0,1.0,0.0
GCP08_002,-24.0,-1.0,1.0,1.0,-1.0,0.0
GCP08_003,-26.0,1.0,1.0,-1.0,1.0,0.0
GCP08_004,-26.0,-1.0,1.0,-1.0,-1.0,0.0
GCP09_000,-25.0,25.0,1.0,0.0,0.0,0.0
GCP09_001,-24.0,26.0,1.0,1.0,1.0,0.0
GCP09_002,-24.0,24.0,1.0,1.0,-1.0,0.0
GCP09_003,-26.0,26.0,1.0,-1.0,1.0,0.0
GCP09_004,-26.0,24.0,1.0,-1.0,-1.0,0.0
GCP10_000,-25.0,50.0,1.0,0.0,0.0,0.0
GCP10_001,-24.0,51.0,1.0,1.0,1.0,0.0
GCP10_002,-24.0,49.0,1.0,1.0,-1.0,0.0
GCP10_003,-26.0,51.0,1.0,-1.0,1.0,0.0
GCP10_004,-26.0,49.0,1.0,-1.0,-1.0,0.0
GCP11_000,0.0,-50.0,1.0,0.0,0.0,0.0
GCP11_001,1.0,-49.0,1.0,1.0,1.0,0.0
GCP11_002,1.0,-51.0,1.0,1.0,-1.0,0.0
GCP11_003,-1.0,-49.0,1.0,-1.0,1.0,0.0
GCP11_004,-1.0,-51.0,1.0,-1.0,-1.0,0.0
GCP12_000,0.0,-25.0,1.0,0.0,0.0,0.0
GCP12_001,1.0,-24.0,1.0,1.0,1.0,0.0
GCP12_002,1.0,-26.0,1.0,1.0,-1.0,0.0
GCP12_003,-1.0,-24.0,1.0,-1.0,1.0,0.0
GCP12_004,-1.0,-26.0,1.0,-1.0,-1.0,0.0
GCP13_000,0.0,0.0,1.0,0.0,0.0,0.0
GCP13_001,1.0,1.0,1.0,1.0,1.0,0.0
GCP13_002,1.0,-1.0,1.0,1.0,-1.0,0.0
GCP13_003,-1.0,1.0,1.0,-1.0,1.0,0.0
GCP13_004,-1.0,-1.0,1.0,-1.0,-1.0,0.0
GCP14_000,0.0,25.0,1.0,0.0,0.0,0.0
GCP14_001,1.0,26.0,1.0,1.0,1.0,0.0
GCP14_002,1.0,24.0,1.0,1.0,-1.0,0.0
GCP14_003,-1.0,26.0,1.0,-1.0,1.0,0.0
GCP14_004,-1.0,24.0,1.0,-1.0,-1.0,0.0
GCP15_000,0.0,50.0,1.0,0.0,0.0,0.0
GCP15_001,1.0,51.0,1.0,1.0,1.0,0.0
GCP15_002,1.0,49.0,1.0,1.0,-1.0,0.0
GCP15_003,-1.0,51.0,1.0,-1.0,1.0,0.0
GCP15_004,-1.0,49.0,1.0,-1.0,-1.0,0.0
GCP16_000,25.0,-50.0,1.0,0.0,0.0,0.0
GCP16_001,26.0,-49.0,1.0,1.0,1.0,0.0
GCP16_002,26.0,-51.0,1.0,1.0,-1.0,0.0
GCP16_003,24.0,-49.0,1.0,-1.0,1.0,0.0
GCP16_004,24.0,-51.0,1.0,-1.0,-1.0,0.0
GCP17_000,25.0,-25.0,1.0,0.0,0.0,0.0
GCP17_001,26.0,-24.0,1.0,1.0,1.0,0.0
GCP17_002,26.0,-26.0,1.0,1.0,-1.0,0.0
GCP17_003,24.0,-24.0,1.0,-1.0,1.0,0.0
GCP17_004,24.0,-26.0,1.0,-1.0,-1.0,0.0
GCP18_000,25.0,0.0,1.0,0.0,0.0,0.0
GCP18_001,26.0,1.0,1.0,1.0,1.0,0.0
GCP18_002,26.0,-1.0,1.0,1.0,-1.0,0.0
GCP18_003,24.0,1.0,1.0,-1.0,1.0,0.0
GCP18_004,24.0,-1.0,1.0,-1.0,-1.0,0.0
GCP19_000,25.0,25.0,1.0,0.0,0.0,0.0
GCP19_001,26.0,26.0,1.0,1.0,1.0,0.0
GCP19_002,26.0,24.0,1.0,1.0,-1.0,0.0
GCP19_003,24.0,26.0,1.0,-1.0,1.0,0.0
GCP19_004,24.0,24.0,1.0,-1.0,-1.0,0.0
GCP20_000,25.0,50.0,1.0,0.0,0.0,0.0
GCP20_001,26.0,51.0,1.0,1.0,1.0,0.0
GCP20_002,26.0,49.0,1.0,1.0,-1.0,0.0
GCP20_003,24.0,51.0,1.0,-1.0,1.0,0.0
GCP20_004,24.0,49.0,1.0,-1.0,-1.0,0.0
GCP21_000,50.0,-50.0,1.0,0.0,0.0,0.0
GCP21_001,51.0,-49.0,1.0,1.0,1.0,0.0
GCP21_002,51.0,-51.0,1.0,1.0,-1.0,0.0
GCP21_003,49.0,-49.0,1.0,-1.0,1.0,0.0
GCP21_004,49.0,-51.0,1.0,-1.0,-1.0,0.0
GCP22_000,50.0,-25.0,1.0,0.0,0.0,0.0
GCP22_001,51.0,-24.0,1.0,1.0,1.0,0.0
GCP22_002,51.0,-26.0,1.0,1.0,-1.0,0.0
GCP22_003,49.0,-24.0,1.0,-1.0,1.0,0.0
GCP22_004,49.0,-26.0,1.0,-1.0,-1.0,0.0
GCP23_000,50.0,0.0,1.0,0.0,0.0,0.0
GCP23_001,51.0,1.0,1.0,1.0,1.0,0.0
GCP23_002,51.0,-1.0,1.0,1.0,-1.0,0.0
GCP23_003,49.0,1.0,1.0,-1.0,1.0,0.0
GCP23_004,49.0,-1.0,1.0,-1.0,-1.0,0.0
GCP24_000,50.0,25.0,1.0,0.0,0.0,0.0
GCP24_001,51.0,26.0,1.0,1.0,1.0,0.0
GCP24_002,51.0,24.0,1.0,1.0,-1.0,0.0
GCP24_003,49.0,26.0,1.0,-1.0,1.0,0.0
GCP24_004,49.0,24.0,1.0,-1.0,-1.0,0.0
GCP25_000,50.0,50.0,1.0,0.0,0.0,0.0
GCP25_001,51.0,51.0,1.0,1.0,1.0,0.0
GCP25_002,51.0,49.0,1.0,1.0,-1.0,0.0
GCP25_003,49.0,51.0,1.0,-1.0,1.0,0.0
GCP25_004,49.0,49.0,1.0,-1.0,-1.0,0.0
dummy1_000,-10.0,0.0,1.0,0.0,0.0,0.0
dummy1_001,-10.0156912224,-0.299588860426,0.99945205044,0.0,0.1,0.0
dummy1_002,-10.0313824448,-0.599177720853,0.998904100881,0.0,0.2,0.0
dummy1_003,-10.0470736671,-0.898766581279,0.998356151321,0.0,0.3,0.0
dummy1_004,-10.0627648895,-1.19835544171,0.997808201761,0.0,0.4,0.0
dummy1_005,-10.0784561119,-1.49794430213,0.997260252202,0.0,0.5,0.0
dummy1_006,-10.0941473343,-1.79753316256,0.996712302642,0.0,0.6,0.0
dummy1_007,-10.1098385566,-2.09712202298,0.996164353082,0.0,0.7,0.0
dummy1_008,-10.125529779,-2.39671088341,0.995616403522,0.0,0.8,0.0
dummy1_009,-10.1412210014,-2.69629974384,0.995068453963,0.0,0.9,0.0
dummy1_010,-10.1569122238,-2.99588860426,0.994520504403,0.0,1.0,0.0
dummy1_011,-9.70059364101,-0.0157007868729,1.01045550045,0.1,0.0,0.0
dummy1_012,-9.71628486339,-0.315289647299,1.00990755089,0.1,0.1,0.0
dummy1_013,-9.73197608577,-0.614878507726,1.00935960133,0.1,0.2,0.0
dummy1_014,-9.74766730815,-0.914467368152,1.00881165177,0.1,0.3,0.0
dummy1_015,-9.76335853052,-1.21405622858,1.00826370221,0.1,0.4,0.0
dummy1_016,-9.7790497529,-1.513645089,1.00771575265,0.1,0.5,0.0
dummy1_017,-9.79474097528,-1.81323394943,1.00716780309,0.1,0.6,0.0
dummy1_018,-9.81043219766,-2.11282280986,1.00661985353,0.1,0.7,0.0
dummy1_019,-9.82612342003,-2.41241167028,1.00607190397,0.1,0.8,0.0
dummy1_020,-9.84181464241,-2.71200053071,1.00552395441,0.1,0.9,0.0
dummy1_021,-9.85750586479,-3.01158939114,1.00497600485,0.1,1.0,0.0
dummy1_022,-9.40118728203,-0.0314015737458,1.02091100089,0.2,0.0,0.0
dummy1_023,-9.4168785044,-0.330990434172,1.02036305133,0.2,0.1,0.0
dummy1_024,-9.43256972678,-0.630579294599,1.01981510177,0.2,0.2,0.0
dummy1_025,-9.44826094916,-0.930168155025,1.01926715221,0.2,0.3,0.0
dummy1_026,-9.46395217154,-1.22975701545,1.01871920265,0.2,0.4,0.0
dummy1_027,-9.47964339391,-1.52934587588,1.01817125309,0.2,0.5,0.0
dummy1_028,-9.49533461629,-1.8289347363,1.01762330353,0.2,0.6,0.0
dummy1_029,-9.51102583867,-2.12852359673,1.01707535398,0.2,0.7,0.0
dummy1_030,-9.52671706105,-2.42811245716,1.01652740442,0.2,0.8,0.0
dummy1_031,-9.54240828343,-2.72770131758,1.01597945486,0.2,0.9,0.0
dummy1_032,-9.5580995058,-3.02729017801,1.0154315053,0.2,1.0,0.0
dummy1_033,-9.10178092304,-0.0471023606186,1.03136650134,0.3,0.0,0.0
dummy1_034,-9.11747214542,-0.346691221045,1.03081855178,0.3,0.1,0.0
dummy1_035,-9.13316336779,-0.646280081471,1.03027060222,0.3,0.2,0.0
dummy1_036,-9.14885459017,-0.945868941898,1.02972265266,0.3,0.3,0.0
dummy1_037,-9.16454581255,-1.24545780232,1.0291747031,0.3,0.4,0.0
dummy1_038,-9.18023703493,-1.54504666275,1.02862675354,0.3,0.5,0.0
dummy1_039,-9.1959282573,-1.84463552318,1.02807880398,0.3,0.6,0.0
dummy1_040,-9.21161947968,-2.1442243836,1.02753085442,0.3,0.7,0.0
dummy1_041,-9.22731070206,-2.44381324403,1.02698290486,0.3,0.8,0.0
dummy1_042,-9.24300192444,-2.74340210446,1.0264349553,0.3,0.9,0.0
dummy1_043,-9.25869314682,-3.04299096488,1.02588700574,0.3,1.0,0.0
dummy1_044,-8.80237456405,-0.0628031474915,1.04182200179,0.4,0.0,0.0
dummy1_045,-8.81806578643,-0.362392007918,1.04127405223,0.4,0.1,0.0
dummy1_046,-8.83375700881,-0.661980868344,1.04072610267,0.4,0.2,0.0
dummy1_047,-8.84944823118,-0.961569728771,1.04017815311,0.4,0.3,0.0
dummy1_048,-8.86513945356,-1.2611585892,1.03963020355,0.4,0.4,0.0
dummy1_049,-8.88083067594,-1.56074744962,1.03908225399,0.4,0.5,0.0
dummy1_050,-8.89652189832,-1.86033631005,1.03853430443,0.4,0.6,0.0
dummy1_051,-8.9122131207,-2.15992517048,1.03798635487,0.4,0.7,0.0
dummy1_052,-8.92790434307,-2.4595140309,1.03743840531,0.4,0.8,0.0
dummy1_053,-8.94359556545,-2.75910289133,1.03689045575,0.4,0.9,0.0
dummy1_054,-8.95928678783,-3.05869175176,1.03634250619,0.4,1.0,0.0
dummy1_055,-8.50296820506,-0.0785039343644,1.05227750223,0.5,0.0,0.0
dummy1_056,-8.51865942744,-0.378092794791,1.05172955267,0.5,0.1,0.0
dummy1_057,-8.53435064982,-0.677681655217,1.05118160311,0.5,0.2,0.0
dummy1_058,-8.5500418722,-0.977270515644,1.05063365355,0.5,0.3,0.0
dummy1_059,-8.56573309457,-1.27685937607,1.05008570399,0.5,0.4,0.0
dummy1_060,-8.58142431695,-1.5764482365,1.04953775443,0.5,0.5,0.0
dummy1_061,-8.59711553933,-1.87603709692,1.04898980487,0.5,0.6,0.0
dummy1_062,-8.61280676171,-2.17562595735,1.04844185531,0.5,0.7,0.0
dummy1_063,-8.62849798409,-2.47521481778,1.04789390576,0.5,0.8,0.0
dummy1_064,-8.64418920646,-2.7748036782,1.0473459562,0.5,0.9,0.0
dummy1_065,-8.65988042884,-3.07439253863,1.04679800664,0.5,1.0,0.0
dummy1_066,-8.20356184608,-0.0942047212373,1.06273300268,0.6,0.0,0.0
dummy1_067,-8.21925306845,-0.393793581664,1.06218505312,0.6,0.1,0.0
dummy1_068,-8.23494429083,-0.69338244209,1.06163710356,0.6,0.2,0.0
dummy1_069,-8.25063551321,-0.992971302516,1.061089154,0.6,0.3,0.0
dummy1_070,-8.26632673559,-1.29256016294,1.06054120444,0.6,0.4,0.0
dummy1_071,-8.28201795797,-1.59214902337,1.05999325488,0.6,0.5,0.0
dummy1_072,-8.29770918034,-1.8917378838,1.05944530532,0.6,0.6,0.0
dummy1_073,-8.31340040272,-2.19132674422,1.05889735576,0.6,0.7,0.0
dummy1_074,-8.3290916251,-2.49091560465,1.0583494062,0.6,0.8,0.0
dummy1_075,-8.34478284748,-2.79050446507,1.05780145664,0.6,0.9,0.0
dummy1_076,-8.36047406985,-3.0900933255,1.05725350708,0.6,1.0,0.0
dummy1_077,-7.90415548709,-0.10990550811,1.07318850313,0.7,0.0,0.0
dummy1_078,-7.91984670947,-0.409494368537,1.07264055357,0.7,0.1,0.0
dummy1_079,-7.93553793184,-0.709083228963,1.07209260401,0.7,0.2,0.0
dummy1_080,-7.95122915422,-1.00867208939,1.07154465445,0.7,0.3,0.0
dummy1_081,-7.9669203766,-1.30826094982,1.07099670489,0.7,0.4,0.0
dummy1_082,-7.98261159898,-1.60784981024,1.07044875533,0.7,0.5,0.0
dummy1_083,-7.99830282136,-1.90743867067,1.06990080577,0.7,0.6,0.0
dummy1_084,-8.01399404373,-2.20702753109,1.06935285621,0.7,0.7,0.0
dummy1_085,-8.02968526611,-2.50661639152,1.06880490665,0.7,0.8,0.0
dummy1_086,-8.04537648849,-2.80620525195,1.06825695709,0.7,0.9,0.0
dummy1_087,-8.06106771087,-3.10579411237,1.06770900753,0.7,1.0,0.0
dummy1_088,-7.6047491281,-0.125606294983,1.08364400357,0.8,0.0,0.0
dummy1_089,-7.62044035048,-0.425195155409,1.08309605401,0.8,0.1,0.0
dummy1_090,-7.63613157286,-0.724784015836,1.08254810445,0.8,0.2,0.0
dummy1_091,-7.65182279524,-1.02437287626,1.08200015489,0.8,0.3,0.0
dummy1_092,-7.66751401761,-1.32396173669,1.08145220533,0.8,0.4,0.0
dummy1_093,-7.68320523999,-1.62355059711,1.08090425577,0.8,0.5,0.0
dummy1_094,-7.69889646237,-1.92313945754,1.08035630621,0.8,0.6,0.0
dummy1_095,-7.71458768475,-2.22272831797,1.07980835665,0.8,0.7,0.0
dummy1_096,-7.73027890712,-2.52231717839,1.07926040709,0.8,0.8,0.0
dummy1_097,-7.7459701295,-2.82190603882,1.07871245754,0.8,0.9,0.0
dummy1_098,-7.76166135188,-3.12149489925,1.07816450798,0.8,1.0,0.0
dummy1_099,-7.30534276912,-0.141307081856,1.09409950402,0.9,0.0,0.0
dummy1_100,-7.32103399149,-0.440895942282,1.09355155446,0.9,0.1,0.0
dummy1_101,-7.33672521387,-0.740484802709,1.0930036049,0.9,0.2,0.0
dummy1_102,-7.35241643625,-1.04007366314,1.09245565534,0.9,0.3,0.0
dummy1_103,-7.36810765863,-1.33966252356,1.09190770578,0.9,0.4,0.0
dummy1_104,-7.383798881,-1.63925138399,1.09135975622,0.9,0.5,0.0
dummy1_105,-7.39949010338,-1.93884024441,1.09081180666,0.9,0.6,0.0
dummy1_106,-7.41518132576,-2.23842910484,1.0902638571,0.9,0.7,0.0
dummy1_107,-7.43087254814,-2.53801796527,1.08971590754,0.9,0.8,0.0
dummy1_108,-7.44656377051,-2.83760682569,1.08916795798,0.9,0.9,0.0
dummy1_109,-7.46225499289,-3.13719568612,1.08862000842,0.9,1.0,0.0
dummy1_110,-7.00593641013,-0.157007868729,1.10455500447,1.0,0.0,0.0
dummy1_111,-7.02162763251,-0.456596729155,1.10400705491,1.0,0.1,0.0
dummy1_112,-7.03731885488,-0.756185589582,1.10345910535,1.0,0.2,0.0
dummy1_113,-7.05301007726,-1.05577445001,1.10291115579,1.0,0.3,0.0
dummy1_114,-7.06870129964,-1.35536331043,1.10236320623,1.0,0.4,0.0
dummy1_115,-7.08439252202,-1.65495217086,1.10181525667,1.0,0.5,0.0
dummy1_116,-7.10008374439,-1.95454103129,1.10126730711,1.0,0.6,0.0
dummy1_117,-7.11577496677,-2.25412989171,1.10071935755,1.0,0.7,0.0
dummy1_118,-7.13146618915,-2.55371875214,1.10017140799,1.0,0.8,0.0
dummy1_119,-7.14715741153,-2.85330761257,1.09962345843,1.0,0.9,0.0
dummy1_120,-7.16284863391,-3.15289647299,1.09907550887,1.0,1.0,0.0
trichecker3_000,10.0,10.0,1.0,0.0,0.0,0.0
trichecker3_001,10.0,10.4,1.0,0.0,0.1,0.0
trichecker3_002,10.0,10.8,1.0,0.0,0.2,0.0
trichecker3_003,10.0,11.2,1.0,0.0,0.3,0.0
trichecker3_004,10.0,11.6,1.0,0.0,0.4,0.0
trichecker3_005,10.0,12.0,1.0,0.0,0.5,0.0
trichecker3_006,10.0,12.4,1.0,0.0,0.6,0.0
trichecker3_007,10.0,12.8,1.0,0.0,0.7,0.0
trichecker3_008,10.0,13.2,1.0,0.0,0.8,0.0
trichecker3_009,10.0,13.6,1.0,0.0,0.9,0.0
trichecker3_010,10.0,14.0,1.0,0.0,1.0,0.0
trichecker3_011,10.4,10.0,1.0,0.1,0.0,0.0
trichecker3_012,10.4,10.4,1.0,0.1,0.1,0.0
trichecker3_013,10.4,10.8,1.0,0.1,0.2,0.0
trichecker3_014,10.4,11.2,1.0,0.1,0.3,0.0
trichecker3_015,10.4,11.6,1.0,0.1,0.4,0.0
trichecker3_016,10.4,12.0,1.0,0.1,0.5,0.0
trichecker3_017,10.4,12.4,1.0,0.1,0.6,0.0
trichecker3_018,10.4,12.8,1.0,0.1,0.7,0.0
trichecker3_019,10.4,13.2,1.0,0.1,0.8,0.0
trichecker3_020,10.4,13.6,1.0,0.1,0.9,0.0
trichecker3_021,10.4,14.0,1.0,0.1,1.0,0.0
trichecker3_022,10.8,10.0,1.0,0.2,0.0,0.0
trichecker3_023,10.8,10.4,1.0,0.2,0.1,0.0
trichecker3_024,10.8,10.8,1.0,0.2,0.2,0.0
trichecker3_025,10.8,11.2,1.0,0.2,0.3,0.0
trichecker3_026,10.8,11.6,1.0,0.2,0.4,0.0
trichecker3_027,10.8,12.0,1.0,0.2,0.5,0.0
trichecker3_028,10.8,12.4,1.0,0.2,0.6,0.0
trichecker3_029,10.8,12.8,1.0,0.2,0.7,0.0
trichecker3_030,10.8,13.2,1.0,0.2,0.8,0.0
trichecker3_031,10.8,13.6,1.0,0.2,0.9,0.0
trichecker3_032,10.8,14.0,1.0,0.2,1.0,0.0
trichecker3_033,11.2,10.0,1.0,0.3,0.0,0.0
trichecker3_034,11.2,10.4,1.0,0.3,0.1,0.0
trichecker3_035,11.2,10.8,1.0,0.3,0.2,0.0
trichecker3_036,11.2,11.2,1.0,0.3,0.3,0.0
trichecker3_037,11.2,11.6,1.0,0.3,0.4,0.0
trichecker3_038,11.2,12.0,1.0,0.3,0.5,0.0
trichecker3_039,11.2,12.4,1.0,0.3,0.6,0.0
trichecker3_040,11.2,12.8,1.0,0.3,0.7,0.0
trichecker3_041,11.2,13.2,1.0,0.3,0.8,0.0
trichecker3_042,11.2,13.6,1.0,0.3,0.9,0.0
trichecker3_043,11.2,14.0,1.0,0.3,1.0,0.0
trichecker3_044,11.6,10.0,1.0,0.4,0.0,0.0
trichecker3_045,11.6,10.4,1.0,0.4,0.1,0.0
trichecker3_046,11.6,10.8,1.0,0.4,0.2,0.0
trichecker3_047,11.6,11.2,1.0,0.4,0.3,0.0
trichecker3_048,11.6,11.6,1.0,0.4,0.4,0.0
trichecker3_049,11.6,12.0,1.0,0.4,0.5,0.0
trichecker3_050,11.6,12.4,1.0,0.4,0.6,0.0
trichecker3_051,11.6,12.8,1.0,0.4,0.7,0.0
trichecker3_052,11.6,13.2,1.0,0.4,0.8,0.0
trichecker3_053,11.6,13.6,1.0,0.4,0.9,0.0
trichecker3_054,11.6,14.0,1.0,0.4,1.0,0.0
trichecker3_055,12.0,10.0,1.0,0.5,0.0,0.0
trichecker3_056,12.0,10.4,1.0,0.5,0.1,0.0
trichecker3_057,12.0,10.8,1.0,0.5,0.2,0.0
trichecker3_058,12.0,11.2,1.0,0.5,0.3,0.0
trichecker3_059,12.0,11.6,1.0,0.5,0.4,0.0
trichecker3_060,12.0,12.0,1.0,0.5,0.5,0.0
trichecker3_061,12.0,12.4,1.0,0.5,0.6,0.0
trichecker3_062,12.0,12.8,1.0,0.5,0.7,0.0
trichecker3_063,12.0,13.2,1.0,0.5,0.8,0.0
trichecker3_064,12.0,13.6,1.0,0.5,0.9,0.0
trichecker3_065,12.0,14.0,1.0,0.5,1.0,0.0
trichecker3_066,12.4,10.0,1.0,0.6,0.0,0.0
trichecker3_067,12.4,10.4,1.0,0.6,0.1,0.0
trichecker3_068,12.4,10.8,1.0,0.6,0.2,0.0
trichecker3_069,12.4,11.2,1.0,0.6,0.3,0.0
trichecker3_070,12.4,11.6,1.0,0.6,0.4,0.0
trichecker3_071,12.4,12.0,1.0,0.6,0.5,0.0
trichecker3_072,12.4,12.4,1.0,0.6,0.6,0.0
trichecker3_073,12.4,12.8,1.0,0.6,0.7,0.0
trichecker3_074,12.4,13.2,1.0,0.6,0.8,0.0
trichecker3_075,12.4,13.6,1.0,0.6,0.9,0.0
trichecker3_076,12.4,14.0,1.0,0.6,1.0,0.0
trichecker3_077,12.8,10.0,1.0,0.7,0.0,0.0
trichecker3_078,12.8,10.4,1.0,0.7,0.1,0.0
trichecker3_079,12.8,10.8,1.0,0.7,0.2,0.0
trichecker3_080,12.8,11.2,1.0,0.7,0.3,0.0
trichecker3_081,12.8,11.6,1.0,0.7,0.4,0.0
trichecker3_082,12.8,12.0,1.0,0.7,0.5,0.0
trichecker3_083,12.8,12.4,1.0,0.7,0.6,0.0
trichecker3_084,12.8,12.8,1.0,0.7,0.7,0.0
trichecker3_085,12.8,13.2,1.0,0.7,0.8,0.0
trichecker3_086,12.8,13.6,1.0,0.7,0.9,0.0
trichecker3_087,12.8,14.0,1.0,0.7,1.0,0.0
trichecker3_088,13.2,10.0,1.0,0.8,0.0,0.0
trichecker3_089,13.2,10.4,1.0,0.8,0.1,0.0
trichecker3_090,13.2,10.8,1.0,0.8,0.2,0.0
trichecker3_091,13.2,11.2,1.0,0.8,0.3,0.0
trichecker3_092,13.2,11.6,1.0,0.8,0.4,0.0
trichecker3_093,13.2,12.0,1.0,0.8,0.5,0.0
trichecker3_094,13.2,12.4,1.0,0.8,0.6,0.0
trichecker3_095,13.2,12.8,1.0,0.8,0.7,0.0
trichecker3_096,13.2,13.2,1.0,0.8,0.8,0.0
trichecker3_097,13.2,13.6,1.0,0.8,0.9,0.0
trichecker3_098,13.2,14.0,1.0,0.8,1.0,0.0
trichecker3_099,13.6,10.0,1.0,0.9,0.0,0.0
trichecker3_100,13.6,10.4,1.0,0.9,0.1,0.0
trichecker3_101,13.6,10.8,1.0,0.9,0.2,0.0
trichecker3_102,13.6,11.2,1.0,0.9,0.3,0.0
trichecker3_103,13.6,11.6,1.0,0.9,0.4,0.0
trichecker3_104,13.6,12.0,1.0,0.9,0.5,0.0
trichecker3_105,13.6,12.4,1.0,0.9,0.6,0.0
trichecker3_106,13.6,12.8,1.0,0.9,0.7,0.0
trichecker3_107,13.6,13.2,1.0,0.9,0.8,0.0
trichecker3_108,13.6,13.6,1.0,0.9,0.9,0.0
trichecker3_109,13.6,14.0,1.0,0.9,1.0,0.0
trichecker3_110,14.0,10.0,1.0,1.0,0.0,0.0
trichecker3_111,14.0,10.4,1.0,1.0,0.1,0.0
trichecker3_112,14.0,10.8,1.0,1.0,0.2,0.0
trichecker3_113,14.0,11.2,1.0,1.0,0.3,0.0
trichecker3_114,14.0,11.6,1.0,1.0,0.4,0.0
trichecker3_115,14.0,12.0,1.0,1.0,0.5,0.0
trichecker3_116,14.0,12.4,1.0,1.0,0.6,0.0
trichecker3_117,14.0,12.8,1.0,1.0,0.7,0.0
trichecker3_118,14.0,13.2,1.0,1.0,0.8,0.0
trichecker3_119,14.0,13.6,1.0,1.0,0.9,0.0
trichecker3_120,14.0,14.0,1.0,1.0,1.0,0.0
trichecker3_121,10.0,10.0,1.0,0.0,0.0,0.0
trichecker3_122,10.0,10.0,1.4,0.0,0.0,0.1
trichecker3_123,10.0,10.0,1.8,0.0,0.0,0.2
trichecker3_124,10.0,10.0,2.2,0.0,0.0,0.3
trichecker3_125,10.0,10.0,2.6,0.0,0.0,0.4
trichecker3_126,10.0,10.0,3.0,0.0,0.0,0.5
trichecker3_127,10.0,10.0,3.4,0.0,0.0,0.6
trichecker3_128,10.0,10.0,3.8,0.0,0.0,0.7
trichecker3_129,10.0,10.0,4.2,0.0,0.0,0.8
trichecker3_130,10.0,10.0,4.6,0.0,0.0,0.9
trichecker3_131,10.0,10.0,5.0,0.0,0.0,1.0
trichecker3_132,10.4,10.0,1.0,0.1,0.0,0.0
trichecker3_133,10.4,10.0,1.4,0.1,0.0,0.1
trichecker3_134,10.4,10.0,1.8,0.1,0.0,0.2
trichecker3_135,10.4,10.0,2.2,0.1,0.0,0.3
trichecker3_136,10.4,10.0,2.6,0.1,0.0,0.4
trichecker3_137,10.4,10.0,3.0,0.1,0.0,0.5
trichecker3_138,10.4,10.0,3.4,0.1,0.0,0.6
trichecker3_139,10.4,10.0,3.8,0.1,0.0,0.7
trichecker3_140,10.4,10.0,4.2,0.1,0.0,0.8
trichecker3_141,10.4,10.0,4.6,0.1,0.0,0.9
trichecker3_142,10.4,10.0,5.0,0.1,0.0,1.0
trichecker3_143,10.8,10.0,1.0,0.2,0.0,0.0
trichecker3_144,10.8,10.0,1.4,0.2,0.0,0.1
trichecker3_145,10.8,10.0,1.8,0.2,0.0,0.2
trichecker3_146,10.8,10.0,2.2,0.2,0.0,0.3
trichecker3_147,10.8,10.0,2.6,0.2,0.0,0.4
trichecker3_148,10.8,10.0,3.0,0.2,0.0,0.5
trichecker3_149,10.8,10.0,3.4,0.2,0.0,0.6
trichecker3_150,10.8,10.0,3.8,0.2,0.0,0.7
trichecker3_151,10.8,10.0,4.2,0.2,0.0,0.8
trichecker3_152,10.8,10.0,4.6,0.2,0.0,0.9
trichecker3_153,10.8,10.0,5.0,0.2,0.0,1.0
trichecker3_154,11.2,10.0,1.0,0.3,0.0,0.0
trichecker3_155,11.2,10.0,1.4,0.3,0.0,0.1
trichecker3_156,11.2,10.0,1.8,0.3,0.0,0.2
trichecker3_157,11.2,10.0,2.2,0.3,0.0,0.3
trichecker3_158,11.2,10.0,2.6,0.3,0.0,0.4
trichecker3_159,11.2,10.0,3.0,0.3,0.0,0.5
trichecker3_160,11.2,10.0,3.4,0.3,0.0,0.6
trichecker3_161,11.2,10.0,3.8,0.3,0.0,0.7
trichecker3_162,11.2,10.0,4.2,0.3,0.0,0.8
trichecker3_163,11.2,10.0,4.6,0.3,0.0,0.9
trichecker3_164,11.2,10.0,5.0,0.3,0.0,1.0
trichecker3_165,11.6,10.0,1.0,0.4,0.0,0.0
trichecker3_166,11.6,10.0,1.4,0.4,0.0,0.1
trichecker3_167,11.6,10.0,1.8,0.4,0.0,0.2
trichecker3_168,11.6,10.0,2.2,0.4,0.0,0.3
trichecker3_169,11.6,10.0,2.6,0.4,0.0,0.4
trichecker3_170,11.6,10.0,3.0,0.4,0.0,0.5
trichecker3_171,11.6,10.0,3.4,0.4,0.0,0.6
trichecker3_172,11.6,10.0,3.8,0.4,0.0,0.7
trichecker3_173,11.6,10.0,4.2,0.4,0.0,0.8
trichecker3_174,11.6,10.0,4.6,0.4,0.0,0.9
trichecker3_175,11.6,10.0,5.0,0.4,0.0,1.0
trichecker3_176,12.0,10.0,1.0,0.5,0.0,0.0
trichecker3_177,12.0,10.0,1.4,0.5,0.0,0.1
trichecker3_178,12.0,10.0,1.8,0.5,0.0,0.2
trichecker3_179,12.0,10.0,2.2,0.5,0.0,0.3
trichecker3_180,12.0,10.0,2.6,0.5,0.0,0.4
trichecker3_181,12.0,10.0,3.0,0.5,0.0,0.5
trichecker3_182,12.0,10.0,3.4,0.5,0.0,0.6
trichecker3_183,12.0,10.0,3.8,0.5,0.0,0.7
trichecker3_184,12.0,10.0,4.2,0.5,0.0,0.8
trichecker3_185,12.0,10.0,4.6,0.5,0.0,0.9
trichecker3_186,12.0,10.0,5.0,0.5,0.0,1.0
trichecker3_187,12.4,10.0,1.0,0.6,0.0,0.0
trichecker3_188,12.4,10.0,1.4,0.6,0.0,0.1
trichecker3_189,12.4,10.0,1.8,0.6,0.0,0.2
trichecker3_190,12.4,10.0,2.2,0.6,0.0,0.3
trichecker3_191,12.4,10.0,2.6,0.6,0.0,0.4
trichecker3_192,12.4,10.0,3.0,0.6,0.0,0.5
trichecker3_193,12.4,10.0,3.4,0.6,0.0,0.6
trichecker3_194,12.4,10.0,3.8,0.6,0.0,0.7
trichecker3_195,12.4,10.0,4.2,0.6,0.0,0.8
trichecker3_196,12.4,10.0,4.6,0.6,0.0,0.9
trichecker3_197,12.4,10.0,5.0,0.6,0.0,1.0
trichecker3_198,12.8,10.0,1.0,0.7,0.0,0.0
trichecker3_199,12.8,10.0,1.4,0.7,0.0,0.1
trichecker3_200,12.8,10.0,1.8,0.7,0.0,0.2
trichecker3_201,12.8,10.0,2.2,0.7,0.0,0.3
trichecker3_202,12.8,10.0,2.6,0.7,0.0,0.4
trichecker3_203,12.8,10.0,3.0,0.7,0.0,0.5
trichecker3_204,12.8,10.0,3.4,0.7,0.0,0.6
trichecker3_205,12.8,10.0,3.8,0.7,0.0,0.7
trichecker3_206,12.8,10.0,4.2,0.7,0.0,0.8
trichecker3_207,12.8,10.0,4.6,0.7,0.0,0.9
trichecker3_208,12.8,10.0,5.0,0.7,0.0,1.0
trichecker3_209,13.2,10.0,1.0,0.8,0.0,0.0
trichecker3_210,13.2,10.0,1.4,0.8,0.0,0.1
trichecker3_211,13.2,10.0,1.8,0.8,0.0,0.2
trichecker3_212,13.2,10.0,2.2,0.8,0.0,0.3
trichecker3_213,13.2,10.0,2.6,0.8,0.0,0.4
trichecker3_214,13.2,10.0,3.0,0.8,0.0,0.5
trichecker3_215,13.2,10.0,3.4,0.8,0.0,0.6
trichecker3_216,13.2,10.0,3.8,0.8,0.0,0.7
trichecker3_217,13.2,10.0,4.2,0.8,0.0,0.8
trichecker3_218,13.2,10.0,4.6,0.8,0.0,0.9
trichecker3_219,13.2,10.0,5.0,0.8,0.0,1.0
trichecker3_220,13.6,10.0,1.0,0.9,0.0,0.0
trichecker3_221,13.6,10.0,1.4,0.9,0.0,0.1
trichecker3_222,13.6,10.0,1.8,0.9,0.0,0.2
trichecker3_223,13.6,10.0,2.2,0.9,0.0,0.3
trichecker3_224,13.6,10.0,2.6,0.9,0.0,0.4
trichecker3_225,13.6,10.0,3.0,0.9,0.0,0.5
trichecker3_226,13.6,10.0,3.4,0.9,0.0,0.6
trichecker3_227,13.6,10.0,3.8,0.9,0.0,0.7
trichecker3_228,13.6,10.0,4.2,0.9,0.0,0.8
trichecker3_229,13.6,10.0,4.6,0.9,0.0,0.9
trichecker3_230,13.6,10.0,5.0,0.9,0.0,1.0
trichecker3_231,14.0,10.0,1.0,1.0,0.0,0.0
trichecker3_232,14.0,10.0,1.4,1.0,0.0,0.1
trichecker3_233,14.0,10.0,1.8,1.0,0.0,0.2
trichecker3_234,14.0,10.0,2.2,1.0,0.0,0.3
trichecker3_235,14.0,10.0,2.6,1.0,0.0,0.4
trichecker3_236,14.0,10.0,3.0,1.0,0.0,0.5
trichecker3_237,14.0,10.0,3.4,1.0,0.0,0.6
trichecker3_238,14.0,10.0,3.8,1.0,0.0,0.7
trichecker3_239,14.0,10.0,4.2,1.0,0.0,0.8
trichecker3_240,14.0,10.0,4.6,1.0,0.0,0.9
trichecker3_241,14.0,10.0,5.0,1.0,0.0,1.0
trichecker3_242,10.0,10.0,1.0,0.0,0.0,0.0
trichecker3_243,10.0,10.0,1.4,0.0,0.0,0.1
trichecker3_244,10.0,10.0,1.8,0.0,0.0,0.2
trichecker3_245,10.0,10.0,2.2,0.0,0.0,0.3
trichecker3_246,10.0,10.0,2.6,0.0,0.0,0.4
trichecker3_247,10.0,10.0,3.0,0.0,0.0,0.5
trichecker3_248,10.0,10.0,3.4,0.0,0.0,0.6
trichecker3_249,10.0,10.0,3.8,0.0,0.0,0.7
trichecker3_250,10.0,10.0,4.2,0.0,0.0,0.8
trichecker3_251,10.0,10.0,4.6,0.0,0.0,0.9
trichecker3_252,10.0,10.0,5.0,0.0,0.0,1.0
trichecker3_253,10.0,10.4,1.0,0.0,0.1,0.0
trichecker3_254,10.0,10.4,1.4,0.0,0.1,0.1
trichecker3_255,10.0,10.4,1.8,0.0,0.1,0.2
trichecker3_256,10.0,10.4,2.2,0.0,0.1,0.3
trichecker3_257,10.0,10.4,2.6,0.0,0.1,0.4
trichecker3_258,10.0,10.4,3.0,0.0,0.1,0.5
trichecker3_259,10.0,10.4,3.4,0.0,0.1,0.6
trichecker3_260,10.0,10.4,3.8,0.0,0.1,0.7
trichecker3_261,10.0,10.4,4.2,0.0,0.1,0.8
trichecker3_262,10.0,10.4,4.6,0.0,0.1,0.9
trichecker3_263,10.0,10.4,5.0,0.0,0.1,1.0
trichecker3_264,10.0,10.8,1.0,0.0,0.2,0.0
trichecker3_265,10.0,10.8,1.4,0.0,0.2,0.1
trichecker3_266,10.0,10.8,1.8,0.0,0.2,0.2
trichecker3_267,10.0,10.8,2.2,0.0,0.2,0.3
trichecker3_268,10.0,10.8,2.6,0.0,0.2,0.4
trichecker3_269,10.0,10.8,3.0,0.0,0.2,0.5
trichecker3_270,10.0,10.8,3.4,0.0,0.2,0.6
trichecker3_271,10.0,10.8,3.8,0.0,0.2,0.7
trichecker3_272,10.0,10.8,4.2,0.0,0.2,0.8
trichecker3_273,10.0,10.8,4.6,0.0,0.2,0.9
trichecker3_274,10.0,10.8,5.0,0.0,0.2,1.0
trichecker3_275,10.0,11.2,1.0,0.0,0.3,0.0
trichecker3_276,10.0,11.2,1.4,0.0,0.3,0.1
trichecker3_277,10.0,11.2,1.8,0.0,0.3,0.2
trichecker3_278,10.0,11.2,2.2,0.0,0.3,0.3
trichecker3_279,10.0,11.2,2.6,0.0,0.3,0.4
trichecker3_280,10.0,11.2,3.0,0.0,0.3,0.5
trichecker3_281,10.0,11.2,3.4,0.0,0.3,0.6
trichecker3_282,10.0,11.2,3.8,0.0,0.3,0.7
trichecker3_283,10.0,11.2,4.2,0.0,0.3,0.8
trichecker3_284,10.0,11.2,4.6,0.0,0.3,0.9
trichecker3_285,10.0,11.2,5.0,0.0,0.3,1.0
trichecker3_286,10.0,11.6,1.0,0.0,0.4,0.0
trichecker3_287,10.0,11.6,1.4,0.0,0.4,0.1
trichecker3_288,10.0,11.6,1.8,0.0,0.4,0.2
trichecker3_289,10.0,11.6,2.2,0.0,0.4,0.3
trichecker3_290,10.0,11.6,2.6,0.0,0.4,0.4
trichecker3_291,10.0,11.6,3.0,0.0,0.4,0.5
trichecker3_292,10.0,11.6,3.4,0.0,0.4,0.6
trichecker3_293,10.0,11.6,3.8,0.0,0.4,0.7
trichecker3_294,10.0,11.6,4.2,0.0,0.4,0.8
trichecker3_295,10.0,11.6,4.6,0.0,0.4,0.9
trichecker3_296,10.0,11.6,5.0,0.0,0.4,1.0
trichecker3_297,10.0,12.0,1.0,0.0,0.5,0.0
trichecker3_298,10.0,12.0,1.4,0.0,0.5,0.1
trichecker3_299,10.0,12.0,1.8,0.0,0.5,0.2
trichecker3_300,10.0,12.0,2.2,0.0,0.5,0.3
trichecker3_301,10.0,12.0,2.6,0.0,0.5,0.4
trichecker3_302,10.0,12.0,3.0,0.0,0.5,0.5
trichecker3_303,10.0,12.0,3.4,0.0,0.5,0.6
trichecker3_304,10.0,12.0,3.8,0.0,0.5,0.7
trichecker3_305,10.0,12.0,4.2,0.0,0.5,0.8
trichecker3_306,10.0,12.0,4.6,0.0,0.5,0.9
trichecker3_307,10.0,12.0,5.0,0.0,0.5,1.0
trichecker3_308,10.0,12.4,1.0,0.0,0.6,0.0
trichecker3_309,10.0,12.4,1.4,0.0,0.6,0.1
trichecker3_310,10.0,12.4,1.8,0.0,0.6,0.2
trichecker3_311,10.0,12.4,2.2,0.0,0.6,0.3
trichecker3_312,10.0,12.4,2.6,0.0,0.6,0.4
trichecker3_313,10.0,12.4,3.0,0.0,0.6,0.5
trichecker3_314,10.0,12.4,3.4,0.0,0.6,0.6
trichecker3_315,10.0,12.4,3.8,0.0,0.6,0.7
trichecker3_316,10.0,12.4,4.2,0.0,0.6,0.8
trichecker3_317,10.0,12.4,4.6,0.0,0.6,0.9
trichecker3_318,10.0,12.4,5.0,0.0,0.6,1.0
trichecker3_319,10.0,12.8,1.0,0.0,0.7,0.0
trichecker3_320,10.0,12.8,1.4,0.0,0.7,0.1
trichecker3_321,10.0,12.8,1.8,0.0,0.7,0.2
trichecker3_322,10.0,12.8,2.2,0.0,0.7,0.3
trichecker3_323,10.0,12.8,2.6,0.0,0.7,0.4
trichecker3_324,10.0,12.8,3.0,0.0,0.7,0.5
trichecker3_325,10.0,12.8,3.4,0.0,0.7,0.6
trichecker3_326,10.0,12.8,3.8,0.0,0.7,0.7
trichecker3_327,10.0,12.8,4.2,0.0,0.7,0.8
trichecker3_328,10.0,12.8,4.6,0.0,0.7,0.9
trichecker3_329,10.0,12.8,5.0,0.0,0.7,1.0
trichecker3_330,10.0,13.2,1.0,0.0,0.8,0.0
trichecker3_331,10.0,13.2,1.4,0.0,0.8,0.1
trichecker3_332,10.0,13.2,1.8,0.0,0.8,0.2
trichecker3_333,10.0,13.2,2.2,0.0,0.8,0.3
trichecker3_334,10.0,13.2,2.6,0.0,0.8,0.4
trichecker3_335,10.0,13.2,3.0,0.0,0.8,0.5
trichecker3_336,10.0,13.2,3.4,0.0,0.8,0.6
trichecker3_337,10.0,13.2,3.8,0.0,0.8,0.7
trichecker3_338,10.0,13.2,4.2,0.0,0.8,0.8
trichecker3_339,10.0,13.2,4.6,0.0,0.8,0.9
trichecker3_340,10.0,13.2,5.0,0.0,0.8,1.0
trichecker3_341,10.0,13.6,1.0,0.0,0.9,0.0
trichecker3_342,10.0,13.6,1.4,0.0,0.9,0.1
trichecker3_343,10.0,13.6,1.8,0.0,0.9,0.2
trichecker3_344,10.0,13.6,2.2,0.0,0.9,0.3
trichecker3_345,10.0,13.6,2.6,0.0,0.9,0.4
trichecker3_346,10.0,13.6,3.0,0.0,0.9,0.5
trichecker3_347,10.0,13.6,3.4,0.0,0.9,0.6
trichecker3_348,10.0,13.6,3.8,0.0,0.9,0.7
trichecker3_349,10.0,13.6,4.2,0.0,0.9,0.8
trichecker3_350,10.0,13.6,4.6,0.0,0.9,0.9
trichecker3_351,10.0,13.6,5.0,0.0,0.9,1.0
trichecker3_352,10.0,14.0,1.0,0.0,1.0,0.0
trichecker3_353,10.0,14.0,1.4,0.0,1.0,0.1
trichecker3_354,10.0,14.0,1.8,0.0,1.0,0.2
trichecker3_355,10.0,14.0,2.2,0.0,1.0,0.3
trichecker3_356,10.0,14.0,2.6,0.0,1.0,0.4
trichecker3_357,10.0,14.0,3.0,0.0,1.0,0.5
trichecker3_358,10.0,14.0,3.4,0.0,1.0,0.6
trichecker3_359,10.0,14.0,3.8,0.0,1.0,0.7
trichecker3_360,10.0,14.0,4.2,0.0,1.0,0.8
trichecker3_361,10.0,14.0,4.6,0.0,1.0,0.9
trichecker3_362,10.0,14.0,5.0,0.0,1.0,1.0
noiseCube_000,0.0,0.0,0.0,0.0,0.0,0.0
noiseCube_001,100.0,100.0,0.0,10.0,10.0,0.0
noiseCube_002,100.0,-100.0,0.0,10.0,-10.0,0.0
noiseCube_003,-100.0,100.0,0.0,-10.0,10.0,0.0
noiseCube_004,-100.0,-100.0,0.0,-10.0,-10.0,0.0
noiseCube_005,100.0,100.0,-1.0,10.0,10.0,-1.0
noiseCube_006,100.0,-100.0,-1.0,10.0,-10.0,-1.0
noiseCube_007,-100.0,100.0,-1.0,-10.0,10.0,-1.0
noiseCube_008,-100.0,-100.0,-1.0,-10.0,-10.0,-1.0
