objectName_markerName,X,Y,Z,localX,localY,localZ
GCP01_000,-50.0,-50.0,1.0,0.0,0.0,0.0
GCP01_001,-49.5,-49.5,1.0,0.5,0.5,0.0
GCP01_002,-49.5,-50.5,1.0,0.5,-0.5,0.0
GCP01_003,-50.5,-49.5,1.0,-0.5,0.5,0.0
GCP01_004,-50.5,-50.5,1.0,-0.5,-0.5,0.0
GCP02_000,-50.0,-25.0,1.0,0.0,0.0,0.0
GCP02_001,-49.5,-24.5,1.0,0.5,0.5,0.0
GCP02_002,-49.5,-25.5,1.0,0.5,-0.5,0.0
GCP02_003,-50.5,-24.5,1.0,-0.5,0.5,0.0
GCP02_004,-50.5,-25.5,1.0,-0.5,-0.5,0.0
GCP03_000,-50.0,0.0,1.0,0.0,0.0,0.0
GCP03_001,-49.5,0.5,1.0,0.5,0.5,0.0
GCP03_002,-49.5,-0.5,1.0,0.5,-0.5,0.0
GCP03_003,-50.5,0.5,1.0,-0.5,0.5,0.0
GCP03_004,-50.5,-0.5,1.0,-0.5,-0.5,0.0
GCP04_000,-50.0,25.0,1.0,0.0,0.0,0.0
GCP04_001,-49.5,25.5,1.0,0.5,0.5,0.0
GCP04_002,-49.5,24.5,1.0,0.5,-0.5,0.0
GCP04_003,-50.5,25.5,1.0,-0.5,0.5,0.0
GCP04_004,-50.5,24.5,1.0,-0.5,-0.5,0.0
GCP05_000,-50.0,50.0,1.0,0.0,0.0,0.0
GCP05_001,-49.5,50.5,1.0,0.5,0.5,0.0
GCP05_002,-49.5,49.5,1.0,0.5,-0.5,0.0
GCP05_003,-50.5,50.5,1.0,-0.5,0.5,0.0
GCP05_004,-50.5,49.5,1.0,-0.5,-0.5,0.0
GCP06_000,-25.0,-50.0,1.0,0.0,0.0,0.0
GCP06_001,-24.5,-49.5,1.0,0.5,0.5,0.0
GCP06_002,-24.5,-50.5,1.0,0.5,-0.5,0.0
GCP06_003,-25.5,-49.5,1.0,-0.5,0.5,0.0
GCP06_004,-25.5,-50.5,1.0,-0.5,-0.5,0.0
GCP07_000,-25.0,-25.0,1.0,0.0,0.0,0.0
GCP07_001,-24.5,-24.5,1.0,0.5,0.5,0.0
GCP07_002,-24.5,-25.5,1.0,0.5,-0.5,0.0
GCP07_003,-25.5,-24.5,1.0,-0.5,0.5,0.0
GCP07_004,-25.5,-25.5,1.0,-0.5,-0.5,0.0
GCP08_000,-25.0,0.0,1.0,0.0,0.0,0.0
GCP08_001,-24.5,0.5,1.0,0.5,0.5,0.0
GCP08_002,-24.5,-0.5,1.0,0.5,-0.5,0.0
GCP08_003,-25.5,0.5,1.0,-0.5,0.5,0.0
GCP08_004,-25.5,-0.5,1.0,-0.5,-0.5,0.0
GCP09_000,-25.0,25.0,1.0,0.0,0.0,0.0
GCP09_001,-24.5,25.5,1.0,0.5,0.5,0.0
GCP09_002,-24.5,24.5,1.0,0.5,-0.5,0.0
GCP09_003,-25.5,25.5,1.0,-0.5,0.5,0.0
GCP09_004,-25.5,24.5,1.0,-0.5,-0.5,0.0
GCP10_000,-25.0,50.0,1.0,0.0,0.0,0.0
GCP10_001,-24.5,50.5,1.0,0.5,0.5,0.0
GCP10_002,-24.5,49.5,1.0,0.5,-0.5,0.0
GCP10_003,-25.5,50.5,1.0,-0.5,0.5,0.0
GCP10_004,-25.5,49.5,1.0,-0.5,-0.5,0.0
GCP11_000,0.0,-50.0,1.0,0.0,0.0,0.0
GCP11_001,0.5,-49.5,1.0,0.5,0.5,0.0
GCP11_002,0.5,-50.5,1.0,0.5,-0.5,0.0
GCP11_003,-0.5,-49.5,1.0,-0.5,0.5,0.0
GCP11_004,-0.5,-50.5,1.0,-0.5,-0.5,0.0
GCP12_000,0.0,-25.0,1.0,0.0,0.0,0.0
GCP12_001,0.5,-24.5,1.0,0.5,0.5,0.0
GCP12_002,0.5,-25.5,1.0,0.5,-0.5,0.0
GCP12_003,-0.5,-24.5,1.0,-0.5,0.5,0.0
GCP12_004,-0.5,-25.5,1.0,-0.5,-0.5,0.0
GCP13_000,0.0,0.0,1.0,0.0,0.0,0.0
GCP13_001,0.5,0.5,1.0,0.5,0.5,0.0
GCP13_002,0.5,-0.5,1.0,0.5,-0.5,0.0
GCP13_003,-0.5,0.5,1.0,-0.5,0.5,0.0
GCP13_004,-0.5,-0.5,1.0,-0.5,-0.5,0.0
GCP14_000,0.0,25.0,1.0,0.0,0.0,0.0
GCP14_001,0.5,25.5,1.0,0.5,0.5,0.0
GCP14_002,0.5,24.5,1.0,0.5,-0.5,0.0
GCP14_003,-0.5,25.5,1.0,-0.5,0.5,0.0
GCP14_004,-0.5,24.5,1.0,-0.5,-0.5,0.0
GCP15_000,0.0,50.0,1.0,0.0,0.0,0.0
GCP15_001,0.5,50.5,1.0,0.5,0.5,0.0
GCP15_002,0.5,49.5,1.0,0.5,-0.5,0.0
GCP15_003,-0.5,50.5,1.0,-0.5,0.5,0.0
GCP15_004,-0.5,49.5,1.0,-0.5,-0.5,0.0
GCP16_000,25.0,-50.0,1.0,0.0,0.0,0.0
GCP16_001,25.5,-49.5,1.0,0.5,0.5,0.0
GCP16_002,25.5,-50.5,1.0,0.5,-0.5,0.0
GCP16_003,24.5,-49.5,1.0,-0.5,0.5,0.0
GCP16_004,24.5,-50.5,1.0,-0.5,-0.5,0.0
GCP17_000,25.0,-25.0,1.0,0.0,0.0,0.0
GCP17_001,25.5,-24.5,1.0,0.5,0.5,0.0
GCP17_002,25.5,-25.5,1.0,0.5,-0.5,0.0
GCP17_003,24.5,-24.5,1.0,-0.5,0.5,0.0
GCP17_004,24.5,-25.5,1.0,-0.5,-0.5,0.0
GCP18_000,25.0,0.0,1.0,0.0,0.0,0.0
GCP18_001,25.5,0.5,1.0,0.5,0.5,0.0
GCP18_002,25.5,-0.5,1.0,0.5,-0.5,0.0
GCP18_003,24.5,0.5,1.0,-0.5,0.5,0.0
GCP18_004,24.5,-0.5,1.0,-0.5,-0.5,0.0
GCP19_000,25.0,25.0,1.0,0.0,0.0,0.0
GCP19_001,25.5,25.5,1.0,0.5,0.5,0.0
GCP19_002,25.5,24.5,1.0,0.5,-0.5,0.0
GCP19_003,24.5,25.5,1.0,-0.5,0.5,0.0
GCP19_004,24.5,24.5,1.0,-0.5,-0.5,0.0
GCP20_000,25.0,50.0,1.0,0.0,0.0,0.0
GCP20_001,25.5,50.5,1.0,0.5,0.5,0.0
GCP20_002,25.5,49.5,1.0,0.5,-0.5,0.0
GCP20_003,24.5,50.5,1.0,-0.5,0.5,0.0
GCP20_004,24.5,49.5,1.0,-0.5,-0.5,0.0
GCP21_000,50.0,-50.0,1.0,0.0,0.0,0.0
GCP21_001,50.5,-49.5,1.0,0.5,0.5,0.0
GCP21_002,50.5,-50.5,1.0,0.5,-0.5,0.0
GCP21_003,49.5,-49.5,1.0,-0.5,0.5,0.0
GCP21_004,49.5,-50.5,1.0,-0.5,-0.5,0.0
GCP22_000,50.0,-25.0,1.0,0.0,0.0,0.0
GCP22_001,50.5,-24.5,1.0,0.5,0.5,0.0
GCP22_002,50.5,-25.5,1.0,0.5,-0.5,0.0
GCP22_003,49.5,-24.5,1.0,-0.5,0.5,0.0
GCP22_004,49.5,-25.5,1.0,-0.5,-0.5,0.0
GCP23_000,50.0,0.0,1.0,0.0,0.0,0.0
GCP23_001,50.5,0.5,1.0,0.5,0.5,0.0
GCP23_002,50.5,-0.5,1.0,0.5,-0.5,0.0
GCP23_003,49.5,0.5,1.0,-0.5,0.5,0.0
GCP23_004,49.5,-0.5,1.0,-0.5,-0.5,0.0
GCP24_000,50.0,25.0,1.0,0.0,0.0,0.0
GCP24_001,50.5,25.5,1.0,0.5,0.5,0.0
GCP24_002,50.5,24.5,1.0,0.5,-0.5,0.0
GCP24_003,49.5,25.5,1.0,-0.5,0.5,0.0
GCP24_004,49.5,24.5,1.0,-0.5,-0.5,0.0
GCP25_000,50.0,50.0,1.0,0.0,0.0,0.0
GCP25_001,50.5,50.5,1.0,0.5,0.5,0.0
GCP25_002,50.5,49.5,1.0,0.5,-0.5,0.0
GCP25_003,49.5,50.5,1.0,-0.5,0.5,0.0
GCP25_004,49.5,49.5,1.0,-0.5,-0.5,0.0
dummy1_000,-15.0,50.0,1.0,0.0,0.0,0.0
dummy1_001,-15.0156912224,49.7004111396,0.99945205044,0.0,0.1,0.0
dummy1_002,-15.0313824448,49.4008222791,0.998904100881,0.0,0.2,0.0
dummy1_003,-15.0470736671,49.1012334187,0.998356151321,0.0,0.3,0.0
dummy1_004,-15.0627648895,48.8016445583,0.997808201761,0.0,0.4,0.0
dummy1_005,-15.0784561119,48.5020556979,0.997260252202,0.0,0.5,0.0
dummy1_006,-15.0941473343,48.2024668374,0.996712302642,0.0,0.6,0.0
dummy1_007,-15.1098385566,47.902877977,0.996164353082,0.0,0.7,0.0
dummy1_008,-15.125529779,47.6032891166,0.995616403522,0.0,0.8,0.0
dummy1_009,-15.1412210014,47.3037002562,0.995068453963,0.0,0.9,0.0
dummy1_010,-15.1569122238,47.0041113957,0.994520504403,0.0,1.0,0.0
dummy1_011,-14.700593641,49.9842992131,1.01045550045,0.1,0.0,0.0
dummy1_012,-14.7162848634,49.6847103527,1.00990755089,0.1,0.1,0.0
dummy1_013,-14.7319760858,49.3851214923,1.00935960133,0.1,0.2,0.0
dummy1_014,-14.7476673081,49.0855326318,1.00881165177,0.1,0.3,0.0
dummy1_015,-14.7633585305,48.7859437714,1.00826370221,0.1,0.4,0.0
dummy1_016,-14.7790497529,48.486354911,1.00771575265,0.1,0.5,0.0
dummy1_017,-14.7947409753,48.1867660506,1.00716780309,0.1,0.6,0.0
dummy1_018,-14.8104321977,47.8871771901,1.00661985353,0.1,0.7,0.0
dummy1_019,-14.82612342,47.5875883297,1.00607190397,0.1,0.8,0.0
dummy1_020,-14.8418146424,47.2879994693,1.00552395441,0.1,0.9,0.0
dummy1_021,-14.8575058648,46.9884106089,1.00497600485,0.1,1.0,0.0
dummy1_022,-14.401187282,49.9685984263,1.02091100089,0.2,0.0,0.0
dummy1_023,-14.4168785044,49.6690095658,1.02036305133,0.2,0.1,0.0
dummy1_024,-14.4325697268,49.3694207054,1.01981510177,0.2,0.2,0.0
dummy1_025,-14.4482609492,49.069831845,1.01926715221,0.2,0.3,0.0
dummy1_026,-14.4639521715,48.7702429845,1.01871920265,0.2,0.4,0.0
dummy1_027,-14.4796433939,48.4706541241,1.01817125309,0.2,0.5,0.0
dummy1_028,-14.4953346163,48.1710652637,1.01762330353,0.2,0.6,0.0
dummy1_029,-14.5110258387,47.8714764033,1.01707535398,0.2,0.7,0.0
dummy1_030,-14.526717061,47.5718875428,1.01652740442,0.2,0.8,0.0
dummy1_031,-14.5424082834,47.2722986824,1.01597945486,0.2,0.9,0.0
dummy1_032,-14.5580995058,46.972709822,1.0154315053,0.2,1.0,0.0
dummy1_033,-14.101780923,49.9528976394,1.03136650134,0.3,0.0,0.0
dummy1_034,-14.1174721454,49.653308779,1.03081855178,0.3,0.1,0.0
dummy1_035,-14.1331633678,49.3537199185,1.03027060222,0.3,0.2,0.0
dummy1_036,-14.1488545902,49.0541310581,1.02972265266,0.3,0.3,0.0
dummy1_037,-14.1645458125,48.7545421977,1.0291747031,0.3,0.4,0.0
dummy1_038,-14.1802370349,48.4549533372,1.02862675354,0.3,0.5,0.0
dummy1_039,-14.1959282573,48.1553644768,1.02807880398,0.3,0.6,0.0
dummy1_040,-14.2116194797,47.8557756164,1.02753085442,0.3,0.7,0.0
dummy1_041,-14.2273107021,47.556186756,1.02698290486,0.3,0.8,0.0
dummy1_042,-14.2430019244,47.2565978955,1.0264349553,0.3,0.9,0.0
dummy1_043,-14.2586931468,46.9570090351,1.02588700574,0.3,1.0,0.0
dummy1_044,-13.8023745641,49.9371968525,1.04182200179,0.4,0.0,0.0
dummy1_045,-13.8180657864,49.6376079921,1.04127405223,0.4,0.1,0.0
dummy1_046,-13.8337570088,49.3380191317,1.04072610267,0.4,0.2,0.0
dummy1_047,-13.8494482312,49.0384302712,1.04017815311,0.4,0.3,0.0
dummy1_048,-13.8651394536,48.7388414108,1.03963020355,0.4,0.4,0.0
dummy1_049,-13.8808306759,48.4392525504,1.03908225399,0.4,0.5,0.0
dummy1_050,-13.8965218983,48.13966369,1.03853430443,0.4,0.6,0.0
dummy1_051,-13.9122131207,47.8400748295,1.03798635487,0.4,0.7,0.0
dummy1_052,-13.9279043431,47.5404859691,1.03743840531,0.4,0.8,0.0
dummy1_053,-13.9435955655,47.2408971087,1.03689045575,0.4,0.9,0.0
dummy1_054,-13.9592867878,46.9413082482,1.03634250619,0.4,1.0,0.0
dummy1_055,-13.5029682051,49.9214960656,1.05227750223,0.5,0.0,0.0
dummy1_056,-13.5186594274,49.6219072052,1.05172955267,0.5,0.1,0.0
dummy1_057,-13.5343506498,49.3223183448,1.05118160311,0.5,0.2,0.0
dummy1_058,-13.5500418722,49.0227294844,1.05063365355,0.5,0.3,0.0
dummy1_059,-13.5657330946,48.7231406239,1.05008570399,0.5,0.4,0.0
dummy1_060,-13.581424317,48.4235517635,1.04953775443,0.5,0.5,0.0
dummy1_061,-13.5971155393,48.1239629031,1.04898980487,0.5,0.6,0.0
dummy1_062,-13.6128067617,47.8243740427,1.04844185531,0.5,0.7,0.0
dummy1_063,-13.6284979841,47.5247851822,1.04789390576,0.5,0.8,0.0
dummy1_064,-13.6441892065,47.2251963218,1.0473459562,0.5,0.9,0.0
dummy1_065,-13.6598804288,46.9256074614,1.04679800664,0.5,1.0,0.0
dummy1_066,-13.2035618461,49.9057952788,1.06273300268,0.6,0.0,0.0
dummy1_067,-13.2192530685,49.6062064183,1.06218505312,0.6,0.1,0.0
dummy1_068,-13.2349442908,49.3066175579,1.06163710356,0.6,0.2,0.0
dummy1_069,-13.2506355132,49.0070286975,1.061089154,0.6,0.3,0.0
dummy1_070,-13.2663267356,48.7074398371,1.06054120444,0.6,0.4,0.0
dummy1_071,-13.282017958,48.4078509766,1.05999325488,0.6,0.5,0.0
dummy1_072,-13.2977091803,48.1082621162,1.05944530532,0.6,0.6,0.0
dummy1_073,-13.3134004027,47.8086732558,1.05889735576,0.6,0.7,0.0
dummy1_074,-13.3290916251,47.5090843954,1.0583494062,0.6,0.8,0.0
dummy1_075,-13.3447828475,47.2094955349,1.05780145664,0.6,0.9,0.0
dummy1_076,-13.3604740699,46.9099066745,1.05725350708,0.6,1.0,0.0
dummy1_077,-12.9041554871,49.8900944919,1.07318850313,0.7,0.0,0.0
dummy1_078,-12.9198467095,49.5905056315,1.07264055357,0.7,0.1,0.0
dummy1_079,-12.9355379318,49.290916771,1.07209260401,0.7,0.2,0.0
dummy1_080,-12.9512291542,48.9913279106,1.07154465445,0.7,0.3,0.0
dummy1_081,-12.9669203766,48.6917390502,1.07099670489,0.7,0.4,0.0
dummy1_082,-12.982611599,48.3921501898,1.07044875533,0.7,0.5,0.0
dummy1_083,-12.9983028214,48.0925613293,1.06990080577,0.7,0.6,0.0
dummy1_084,-13.0139940437,47.7929724689,1.06935285621,0.7,0.7,0.0
dummy1_085,-13.0296852661,47.4933836085,1.06880490665,0.7,0.8,0.0
dummy1_086,-13.0453764885,47.1937947481,1.06825695709,0.7,0.9,0.0
dummy1_087,-13.0610677109,46.8942058876,1.06770900753,0.7,1.0,0.0
dummy1_088,-12.6047491281,49.874393705,1.08364400357,0.8,0.0,0.0
dummy1_089,-12.6204403505,49.5748048446,1.08309605401,0.8,0.1,0.0
dummy1_090,-12.6361315729,49.2752159842,1.08254810445,0.8,0.2,0.0
dummy1_091,-12.6518227952,48.9756271237,1.08200015489,0.8,0.3,0.0
dummy1_092,-12.6675140176,48.6760382633,1.08145220533,0.8,0.4,0.0
dummy1_093,-12.68320524,48.3764494029,1.08090425577,0.8,0.5,0.0
dummy1_094,-12.6988964624,48.0768605425,1.08035630621,0.8,0.6,0.0
dummy1_095,-12.7145876847,47.777271682,1.07980835665,0.8,0.7,0.0
dummy1_096,-12.7302789071,47.4776828216,1.07926040709,0.8,0.8,0.0
dummy1_097,-12.7459701295,47.1780939612,1.07871245754,0.8,0.9,0.0
dummy1_098,-12.7616613519,46.8785051008,1.07816450798,0.8,1.0,0.0
dummy1_099,-12.3053427691,49.8586929181,1.09409950402,0.9,0.0,0.0
dummy1_100,-12.3210339915,49.5591040577,1.09355155446,0.9,0.1,0.0
dummy1_101,-12.3367252139,49.2595151973,1.0930036049,0.9,0.2,0.0
dummy1_102,-12.3524164362,48.9599263369,1.09245565534,0.9,0.3,0.0
dummy1_103,-12.3681076586,48.6603374764,1.09190770578,0.9,0.4,0.0
dummy1_104,-12.383798881,48.360748616,1.09135975622,0.9,0.5,0.0
dummy1_105,-12.3994901034,48.0611597556,1.09081180666,0.9,0.6,0.0
dummy1_106,-12.4151813258,47.7615708952,1.0902638571,0.9,0.7,0.0
dummy1_107,-12.4308725481,47.4619820347,1.08971590754,0.9,0.8,0.0
dummy1_108,-12.4465637705,47.1623931743,1.08916795798,0.9,0.9,0.0
dummy1_109,-12.4622549929,46.8628043139,1.08862000842,0.9,1.0,0.0
dummy1_110,-12.0059364101,49.8429921313,1.10455500447,1.0,0.0,0.0
dummy1_111,-12.0216276325,49.5434032708,1.10400705491,1.0,0.1,0.0
dummy1_112,-12.0373188549,49.2438144104,1.10345910535,1.0,0.2,0.0
dummy1_113,-12.0530100773,48.94422555,1.10291115579,1.0,0.3,0.0
dummy1_114,-12.0687012996,48.6446366896,1.10236320623,1.0,0.4,0.0
dummy1_115,-12.084392522,48.3450478291,1.10181525667,1.0,0.5,0.0
dummy1_116,-12.1000837444,48.0454589687,1.10126730711,1.0,0.6,0.0
dummy1_117,-12.1157749668,47.7458701083,1.10071935755,1.0,0.7,0.0
dummy1_118,-12.1314661891,47.4462812479,1.10017140799,1.0,0.8,0.0
dummy1_119,-12.1471574115,47.1466923874,1.09962345843,1.0,0.9,0.0
dummy1_120,-12.1628486339,46.847103527,1.09907550887,1.0,1.0,0.0
noiseCube_000,0.0,0.0,0.0,0.0,0.0,0.0
noiseCube_001,100.0,100.0,0.0,10.0,10.0,0.0
noiseCube_002,100.0,-100.0,0.0,10.0,-10.0,0.0
noiseCube_003,-100.0,100.0,0.0,-10.0,10.0,0.0
noiseCube_004,-100.0,-100.0,0.0,-10.0,-10.0,0.0
noiseCube_005,100.0,100.0,-1.0,10.0,10.0,-1.0
noiseCube_006,100.0,-100.0,-1.0,10.0,-10.0,-1.0
noiseCube_007,-100.0,100.0,-1.0,-10.0,10.0,-1.0
noiseCube_008,-100.0,-100.0,-1.0,-10.0,-10.0,-1.0
